index,timeslot,total_demand,total_generation,consumption_from_grid,consumption_from_generation,grid_charge_power,generation_charge_power,discharge_power,battery_soc
0,1:00,10.127151779906743,0.0,10.127151779906743,0.0,0.0,0.0,0.0,0.0
1,2:00,8.978821235847894,0.0,8.978821235847894,0.0,0.0,0.0,0.0,0.0
2,3:00,8.307939186237853,0.0,29.307939186237853,0.0,21.0,0.0,0.0,0.0
3,4:00,8.076486237034874,0.0,38.07648623703487,0.0,30.0,0.0,0.0,21.0
4,5:00,8.570600412912945,0.0,38.570600412912945,0.0,30.0,0.0,0.0,51.0
5,6:00,10.157620749472711,0.0,10.157620749472711,0.0,0.0,0.0,0.0,81.0
6,7:00,15.031500576711622,0.0,2.1316282072803006e-14,0.0,0.0,0.0,15.0315005767116,81.0
7,8:00,19.314274634870742,0.0,4.263256414560601e-14,0.0,0.0,0.0,19.3142746348707,65.9684994232884
8,9:00,17.34095406256377,0.0,-2.842170943040401e-14,0.0,0.0,0.0,17.3409540625638,46.6542247884176
9,10:00,14.28761672105815,0.0,4.973799150320701e-14,0.0,0.0,0.0,14.2876167210581,29.3132707258539
10,11:00,12.750865011282297,0.0,-3.552713678800501e-15,0.0,0.0,0.0,12.7508650112823,15.0256540047957
11,12:00,12.059747910293828,0.0,9.784958916780408,0.0,0.0,0.0,2.27478899351342,2.27478899351342
12,13:00,11.865771190140345,0.0,32.86577119014034,0.0,21.0,0.0,0.0,0.0
13,14:00,11.39035525357924,0.0,41.390355253579244,0.0,30.0,0.0,0.0,21.0
14,15:00,11.077733624699173,0.0,41.07773362469917,0.0,30.0,0.0,0.0,51.0
15,16:00,11.829782198569674,0.0,11.829782198569674,0.0,0.0,0.0,0.0,81.0
16,17:00,14.807910587396618,0.0,14.807910587396618,0.0,0.0,0.0,0.0,81.0
17,18:00,22.82172161949097,0.0,-3.197442310920451e-14,0.0,0.0,0.0,22.821721619491,81.0
18,19:00,27.492373678374786,0.0,-1.4210854715202004e-14,0.0,0.0,0.0,27.4923736783748,58.178278380509
19,20:00,26.368688168131577,0.0,-2.4868995751603507e-14,0.0,0.0,0.0,26.3686881681316,30.6859047021342
20,21:00,25.11237987227749,0.0,20.79516333827483,0.0,0.0,0.0,4.31721653400266,4.31721653400266
21,22:00,22.50966470976952,0.0,22.50966470976952,0.0,0.0,0.0,0.0,0.0
22,23:00,18.235238580241454,0.0,18.235238580241454,0.0,0.0,0.0,0.0,0.0
23,0:00,13.164801999135827,0.0,13.164801999135827,0.0,0.0,0.0,0.0,0.0
